import numpy as np

blur_kernel_5 = (
    np.array(
        [
            [1, 2, 4, 2, 1],
            [2, 4, 8, 4, 2],
            [4, 8, 16, 8, 4],
            [2, 4, 8, 4, 2],
            [1, 2, 4, 2, 1],
        ]
    )
    / 100
)

blur_kernel_3 = (
    np.array(
        [
            [1, 2, 1],
            [2, 4, 2],
            [1, 2, 1],
        ]
    )
    / 16
)
laplace_kernel_3 = np.array(
    [
        [-1, -1, -1],
        [-1, 8, -1],
        [-1, -1, -1],
    ]
)
laplace_no_diag_3 = np.array(
    [
        [0, -1, 0],
        [-1, 4, -1],
        [0, -1, 0],
    ]
)
laplace_kernel_5 = np.array(
    [
        [-1, -1, -1, -1, -1],
        [-1, 2, 2, 2, -1],
        [-1, 2, 0, 2, -1],
        [-1, 2, 2, 2, -1],
        [-1, -1, -1, -1, -1],
    ]
)
sharpen_kernel_3 = np.array(
    [
        [0, -1, 0],
        [-1, 5, -1],
        [0, -1, 0],
    ]
)

mean_kernel_5x5 = np.ones(shape=(5, 5)) / 25

blur_kernel_7 = np.array(
    [
        [0.000036, 0.000363, 0.001446, 0.002291, 0.001446, 0.000363, 0.000036],
        [0.000363, 0.003676, 0.014662, 0.023226, 0.014662, 0.003676, 0.000363],
        [0.001446, 0.014662, 0.058488, 0.092651, 0.058488, 0.014662, 0.001446],
        [0.002291, 0.023226, 0.092651, 0.146768, 0.092651, 0.023226, 0.002291],
        [0.001446, 0.014662, 0.058488, 0.092651, 0.058488, 0.014662, 0.001446],
        [0.000363, 0.003676, 0.014662, 0.023226, 0.014662, 0.003676, 0.000363],
        [0.000036, 0.000363, 0.001446, 0.002291, 0.001446, 0.000363, 0.000036],
    ]
)
